13
10R     BuiThienNhan    191923566   1    2  2021    90000000       2
12F     NguyenVanA      194313155   1    3  2020    80000000       1
25H     BuiThienNhan    191923566   20   1  2021    100000000      4
21D     NgoVanG         901323123   10   2  2019    900000000      0
74F     NguyenThiK      343433422   2    2  2021    78000000       0
511G    NguyenThanh     241241552   4    7  2020    90000000       0
451D    PhanVanToan     343432532   1    2  2020    50000000       36
R42F    TranThiOanh     194323124   4    4  2021    800000000      6
142C    LeVanNguyen     329994332   2    3  2018    500000000      0   
55GF    NguyenThiLoan   857223423   3    3  2020    1000000000     0
573D    PhuLe           311001323   2    2  2021    19000000       0
42D2	LeVanNghia		191988314	1 	 1  2021    190000000	   0
49J2	TranXuanThanh	191934161	23   3  2019    80000000  	   12